61 ’[1Ἰ’Β”ἘῘ’Κ’
· 1173177 3]7 1733377711]11317377711177]77773713177117
1777111311 77713 3113111171, per 5555 1377771773, 3731711· 177 13711-
71137 3,] 1177113713 17133]Ρ -17 33].7131·1·11111,1777ι 7171113
]7171111113711111 11771717, 5 317133117171 fio Ν17773137777131
137137,<’7·11 3111333111. 33137117711731771331 773313 11777 ]11113
1111 171 ]37111317 133131 331337371311 113111311111171171 117111
- ],1 337731 ]117 131 3171177131 3111 3371111311]117 37
33713717 ]111111117117 11177371 ]13771 ’,]11171]1717 quanto
77311 137711 7777117171 71371377 71771317 ’13117777 ,1313771717 fiat, 1377-
3371737731]71 1177133331 7331111771137711 111117713713711771,1
1111 1117717771 ,91131311 117111 1713777317 1711131717] 3177131
731711713111,ε

m ,

Ψῑ1113171031161313311711711173
3101311331 paam quaeac et 5555 1177 ’771 117
11)ε113117111731333311171117-711111
117733331373133111173317731

’,1137137 1713117731 11371717 1713 55-

¹ ’7371337113 5'5be555fi55'5l5 117]1’ 1731
ἢ a& 777777. Ν17771711]]17371173]111777 5555
’71177111 1171117373,]11(1]177177711117377]
, ’”’” '³ '²55 ³³ ciendi, 313311, 1171717371 1333111771)
7737137777773177131]]11777 ]733117337717371 77777713

1117 3113311717 73111177[371331377737133117133171737117373313
1777

ᾖ 1113ἧ137713373117 61333333113777111

 

